   1.8600000e+03             NaN
   1.8610000e+03             NaN
   1.8620000e+03             NaN
   1.8630000e+03             NaN
   1.8640000e+03  -5.5634502e-01
   1.8650000e+03  -6.7634100e-01
   1.8660000e+03   2.9453560e-01
   1.8670000e+03  -7.5270208e-01
   1.8680000e+03   1.5326760e+00
   1.8690000e+03   9.2724169e-01
   1.8700000e+03  -1.6417632e+00
   1.8710000e+03  -5.5089065e-01
   1.8720000e+03  -4.1453158e-01
   1.8730000e+03  -2.7271814e-01
   1.8740000e+03   1.2654122e+00
   1.8750000e+03  -7.3633899e-01
   1.8760000e+03   1.1454162e-01
   1.8770000e+03   2.7271814e-02
   1.8780000e+03   7.9633698e-01
   1.8790000e+03  -1.2108686e+00
   1.8800000e+03   4.8543830e-01
   1.8810000e+03  -2.0726579e+00
   1.8820000e+03   2.1108384e+00
   1.8830000e+03  -1.2545035e-01
   1.8840000e+03   7.8542826e-01
   1.8850000e+03  -4.8543830e-01
   1.8860000e+03  -6.1088864e-01
   1.8870000e+03   2.4544633e-01
   1.8880000e+03  -1.4999498e+00
   1.8890000e+03  -5.4543629e-03
   1.8900000e+03   9.7087660e-01
   1.8910000e+03  -4.4725776e-01
   1.8920000e+03  -1.1017813e+00
   1.8930000e+03  -5.8361683e-01
   1.8940000e+03   1.4617693e+00
   1.8950000e+03  -2.1653821e+00
   1.8960000e+03   6.1088864e-01
   1.8970000e+03   5.9452556e-01
   1.8980000e+03   5.5634502e-01
   1.8990000e+03   1.6363089e-02
   1.9000000e+03  -1.1617793e+00
   1.9010000e+03  -1.7999398e-01
   1.9020000e+03  -7.6906517e-01
   1.9030000e+03   2.1217472e+00
   1.9040000e+03   1.2545035e-01
   1.9050000e+03   1.0799639e+00
   1.9060000e+03   1.1235988e+00
   1.9070000e+03   1.1235988e+00
   1.9080000e+03   7.8542826e-01
   1.9090000e+03   0.0000000e+00
   1.9100000e+03   1.1454162e+00
   1.9110000e+03   1.5817652e-01
   1.9120000e+03   1.3090471e-01
   1.9130000e+03   1.4672236e+00
   1.9140000e+03   8.0724571e-01
   1.9150000e+03  -1.0908726e-01
   1.9160000e+03  -3.7635104e-01
   1.9170000e+03  -2.0726579e+00
   1.9180000e+03  -4.3634903e-01
   1.9190000e+03  -4.3634903e-01
   1.9200000e+03   1.7344874e+00
   1.9210000e+03   8.8906115e-01
   1.9220000e+03   1.0090571e+00
   1.9230000e+03   9.4360478e-01
   1.9240000e+03  -6.1634301e-01
   1.9250000e+03   1.3035927e+00
   1.9260000e+03   5.9997992e-02
   1.9270000e+03   9.3815042e-01
   1.9280000e+03   3.4362486e-01
   1.9290000e+03  -5.6179938e-01
   1.9300000e+03   4.9634702e-01
   1.9310000e+03  -8.7269806e-02
   1.9320000e+03  -2.7271814e-01
   1.9330000e+03   1.3635907e-01
   1.9340000e+03   4.6907521e-01
   1.9350000e+03   5.2907320e-01
   1.9360000e+03  -2.1217472e+00
   1.9370000e+03   3.9271413e-01
   1.9380000e+03   9.7633096e-01
   1.9390000e+03   2.0181143e-01
   1.9400000e+03  -1.5599478e+00
   1.9410000e+03  -1.2599578e+00
   1.9420000e+03  -2.9998996e-01
   1.9430000e+03   8.0724571e-01
   1.9440000e+03   3.3271614e-01
   1.9450000e+03   8.9451552e-01
   1.9460000e+03   1.4726780e-01
   1.9470000e+03  -1.4781323e+00
   1.9480000e+03   7.3088463e-01
   1.9490000e+03   1.0199659e+00
   1.9500000e+03   7.6361081e-01
   1.9510000e+03  -6.8724973e-01
   1.9520000e+03   4.5271212e-01
   1.9530000e+03   9.8178532e-02
   1.9540000e+03   7.0906718e-02
   1.9550000e+03  -1.3744995e+00
   1.9560000e+03  -9.4360478e-01
   1.9570000e+03   8.2906316e-01
   1.9580000e+03  -5.5634502e-01
   1.9590000e+03  -2.0181143e-01
   1.9600000e+03  -8.3997189e-01
   1.9610000e+03   9.8178532e-01
   1.9620000e+03  -1.2981384e+00
   1.9630000e+03  -1.9635706e+00
   1.9640000e+03  -1.5599478e+00
   1.9650000e+03  -1.5708565e+00
   1.9660000e+03  -9.2178733e-01
   1.9670000e+03   6.9815845e-01
   1.9680000e+03  -5.6725374e-01
   1.9690000e+03  -2.6671835e+00
   1.9700000e+03  -1.0308746e+00
   1.9710000e+03  -5.2361884e-01
   1.9720000e+03   1.8544834e-01
   1.9730000e+03   1.3744995e+00
   1.9740000e+03   6.7088664e-01
   1.9750000e+03   8.8906115e-01
   1.9760000e+03   7.4724772e-01
   1.9770000e+03  -1.1672337e+00
   1.9780000e+03   9.2724169e-02
   1.9790000e+03  -1.2272317e+00
   1.9800000e+03   3.0544432e-01
   1.9810000e+03   1.1181444e+00
   1.9820000e+03   4.3634903e-01
   1.9830000e+03   1.8653921e+00
   1.9840000e+03   8.7269806e-01
   1.9850000e+03  -3.4362486e-01
   1.9860000e+03   2.7271814e-01
   1.9870000e+03  -4.0907722e-01
   1.9880000e+03   3.9271413e-01
   1.9890000e+03   2.7708164e+00
   1.9900000e+03   2.1599277e+00
   1.9910000e+03   5.6179938e-01
   1.9920000e+03   1.7890310e+00
   1.9930000e+03   1.4563149e+00
   1.9940000e+03   1.6526720e+00
   1.9950000e+03   2.1599277e+00
   1.9960000e+03  -2.0617492e+00
   1.9970000e+03  -1.0908726e-01
   1.9980000e+03   3.9271413e-01
   1.9990000e+03   9.2724169e-01
   2.0000000e+03   1.5272216e+00
   2.0010000e+03             NaN
   2.0020000e+03             NaN
   2.0030000e+03             NaN
   2.0040000e+03             NaN
   2.0050000e+03             NaN
   2.0060000e+03             NaN
   2.0070000e+03             NaN
   2.0080000e+03             NaN
   2.0090000e+03             NaN
